162.391
98.0881
297.255
17.4017
4236.15
287.251
296.108
475.272
2553.17
5137.22
40.0895
89.6578
44.3364
140.266
358.761
32.5074
32.9466
197.801
135.125
8.01958
30.7544
276.595
40.0119
135.908
76.4414
673.637
101.324
94.947
548.783
87.8326
53.0238
35.5438
97.6383
72.0999
148.126
1868.56
67.3704
95.7177
67.4063
20.8472
73.6035
282.489
566.47
49.1628
254.629
47.2455
4170.41
33.0873
39.3176
37.7891
396.447
1539.96
66.1245
58.1968
138.722
2188.29
90.9343
32.6492
128.203
73.2235
20.1186
329.213
54.4147
77.1213
307.89
53.5961
1083.74
447.322
258.339
205.09
159.563
17.0125
1152.48
33.8018
95.129
239.12
3.97172
183.485
1460.57
9.70329
541.452
3.08623
51.8534
35.5974
1281.92
20.4394
2529.02
83.7304
108.637
37.9371
71.0582
202.073
63.7063
74.6656
87.6946
4602.91
963.416
26.184
16.2371
17.8764
948.911
67.4466
229.86
15.4085
298.622
245.925
154.994
186.762
1565.95
465.733
975.736
344.679
141.116
169.413
176.841
105.688
471.523
121.658
29.1235
44.1101
1712.87
62.5728
281.785
31.7003
209.904
39.2029
1611.02
50.6751
435.699
224.803
409.717
33.0708
103.6
80.0957
110.499
47.2587
41.0005
498.539
74.939
8.14855
181.655
48.0789
49.4972
367.926
244.092
38.5736
127.801
1335.41
9.30829
87.9568
758.151
71.5032
77.324
126.097
568.104
164.119
433.098
258.719
154.838
21.7879
359.712
61.9935
1286.75
2281.28
52.568
188.573
2383.73
17.1112
138.814
50.7846
89.5477
435.604
98.27
43.4339
1049.54
12.2141
464.504
348.769
230.896
54.7961
237.513
303.925
39.0194
40.4635
493.286
18.6647
28.3675
744.886
296.548
11.5104
44.7092
275.505
79.3276
336.949
3113.49
137.065
76.2556
1021.21
14.9081
182.765
47.5146
493.296
76.6791
4.05461
734.169
1541.21
57.1366
33.5961
620.824
15.0361
7916.37
275.644
2260.46
2.92341
314.781
21.4475
16.8515
19.9907
765.049
261.806
17.6595
443.133
16.1554
30.6334
61.7742
15.7138
1010.59
71.2882
115.948
138.788
477.633
146.441
37.5993
961.92
204.86
638.627
150.222
25.8049
254.157
631.612
51.7991
27.6424
9.68916
44.9454
16.2352
119.794
61.8915
4.35388
1837.13
101.755
599.826
484.385
126.798
100.84
194.057
156.016
146.245
1114.09
84.8961
97.4149
55.3329
78.6055
132.534
124.133
62.5526
31.6121
62.3362
1204.45
105.676
411.374
56.4121
31.0603
63.5394
33.5352
38.9452
60.1195
61.4087
32.5412
479.602
311.375
48.6523
31.3026
534.554
45.055
166.048
62.7192
5.06265
333.711
4174.97
65.6866
38.1465
41.8842
6.22694
64.8545
11.2534
48.4398
34.2444
36.2035
120.451
858.915
77.0501
397.161
307.76
155.334
17.6448
1189.95
24.3784
4.10534
46.3038
35.6611
45.5435
45.6431
213.485
2933.5
34.9146
473.728
243.592
31.5397
325.377
24.9695
100.065
276.696
34.8713
61.9172
138.648
701.313
163.767
211.998
622.668
3932.09
54.9324
170.027
1512.45
82.1413
88.9214
5984.53
73.7665
26.9348
63.9501
66.853
1153.94
775.802
45.248
1119.48
22.8598
1153.48
5925.81
67.3215
59.5593
1357.27
4.57767
78.0107
12.9529
108.105
51.4398
55.2264
661.507
131.789
230.367
361.733
2721.11
99.4416
281.634
306.979
394.953
139.066
1474.87
15.5241
615.217
16.3375
109.056
73.4366
19.2097
1513.36
85.8949
18.3185
12.1183
15.7553
1343.15
160.519
244.702
319.494
97.8117
2347.1
43.0528
146.46
191.358
70.1163
45.9845
20.4599
743.851
45.1609
142.592
31.0651
36.4585
102.583
815.002
22.4584
187.072
66.0732
32.4545
36.7217
185.259
53.9122
109.134
11.8945
129.304
1500.18
440.354
256.631
66.6954
261.197
258.682
317.913
1381.4
42.7738
150.598
32.9987
40.0879
17.955
40.3476
147.21
63.5334
140.895
2455.82
41.9338
82.1708
412.917
12.6721
72.4733
179.401
190.768
5008.17
4073.76
26.1452
817.18
39.5049
113.211
514.23
37.2498
103.838
33.3
73.5665
189.923
30.6841
143.268
347.098
575.722
156.714
709.317
2010.73
267.696
121.09
225.29
22.2906
19.8049
22.1791
14.5556
340.188
318.819
6.593
61.9605
43.3873
157.943
187.633
7.37795
79.6615
86.5274
86.6213
81.4853
22.8997
94.4894
152.944
39.9035
117.747
35.2226
155.793
13.9383
538.447
94.5136
980.64
27.6535
37.6719
670.625
171.338
1661.27
115.167
24.0022
25.4369
126.215
517.685
69.2024
218.912
97.1189
102.962
208.815
37.052
42.1756
309.965
841.184
132.534
457.567
578.793
819.535
61.5173
71.3169
1.61409
43.0268
57.0784
57.443
106.512
33.3831
788.873
34.2289
48.1966
65.2033
325.096
439.803
6.69281
64.4935
4666.96
50.9862
47.2489
70.9412
83.9879
69.87
36.2879
16.8473
32.5217
74.4442
1584.6
41.8177
2447.08
245.975
4143.8
96.1777
29.6459
90.2624
79.3807
129.953
72.8259
54.2893
105.005
37.1521
203.395
65.2161
1430.98
62.8708
1800.59
254.197
361.342
55.3545
368.134
75.8233
620.99
3135.1
33.9939
3.40196
45.7352
12.4123
474.259
17.1169
746.481
80.9407
1119.76
3768.1
101.645
24.7891
284.994
31.8003
63.1172
509.956
28.8818
2294.39
1185.91
53.2221
45.7412
23.6485
933.716
34.2635
5796.78
67.9351
2989.14
999.203
133.566
272.399
31.8207
1032.34
154.695
116.189
91.8444
57.9783
163.377
34.7111
162.912
81.2161
32.2568
270.073
1775.14
1.04618
1.97422
234.057
97.0347
129.468
395.523
239.529
66.9059
650.248
44.4108
28.2756
222.472
829.977
18.9049
68.9523
64.293
13.0377
36.8207
118.275
1.66939
187.565
220.082
67.6705
46.188
306.465
619.281
103.963
305.888
435.272
44.1348
253.069
127.195
234.073
20.1204
611.316
24.0307
1651.73
10777.1
75.7457
88.7458
3169.14
831.005
18.5469
185.648
51.7567
301.467
236.058
6.7011
30.9393
179.074
121.374
171.28
34.3256
2733.18
64.5592
51.1548
136.689
41.0525
0.964412
98.971
756.236
228.982
64.3988
22.6162
408.386
1203.06
5.74063
126.899
65.259
24.7944
76.8308
9.4076
820.061
3281.88
29.8492
54.2509
503.589
235.069
230.795
392.995
20.881
45.2153
80.5117
373.862
188.106
36.7077
163.506
489.753
1627.26
24.4226
1421.78
4195.75
166.376
4382.98
29.8704
1231.11
217.722
154.074
56.45
96.6075
71.3461
25.1589
27.2917
210.087
12.7329
110.966
332.03
93.4803
186.878
146.893
1577.8
2.48184
91.4521
58.1085
1135.87
627.541
40.6318
10.2724
108.592
98.8623
294.061
251.373
133.165
448.932
3337.57
48.4983
51.8044
59.3648
38.6436
106.518
46.3145
65.652
96.6715
39.774
2.00614
322.654
135.786
24.6766
577.301
254.857
25.6709
1.66364
34.7579
235.591
50.999
155.96
207.395
197.872
342.315
2272.78
1340.88
126.108
171.959
251.161
60.1466
82.3499
127.692
815.167
115.767
59.1743
42.7575
139.48
597.782
645.271
2725.55
35.6559
2.83378
463.734
1292.98
15.9604
98.4863
8.33884
480.739
68.8849
581.945
59.2366
0.713891
596.519
164.868
200.001
601.126
37.9841
4473.89
446.082
5808.61
53.313
9.45676
721.957
71.7514
167.698
240.256
204.83
283.395
7.27779
65.3613
253.562
461.386
30.4211
314.955
33.8124
12.0276
13.5701
66.3998
24.4705
50.2072
14.4487
37.5079
134.238
63.4322
713.516
5326.83
67.6339
215.648
5055.26
29.5073
34.3005
27.3361
411.555
876.878
298.33
3913.56
2507.49
86.627
55.9158
278.599
59.6094
74.8531
43.7377
782.048
77.9015
17.9472
57.2257
1215.4
9413.36
377.114
922.116
79.3937
17.5892
75.881
13.1218
165.064
6566.78
71.0172
56.8866
27.1572
1539.86
229.236
1794.46
2779.86
3098.41
185.01
5.07903
80.0407
80.0128
1794.94
64.754
4095.06
60.5518
449.179
40.7226
50.7822
360.038
84.1964
25.7267
151.21
796.11
172.757
110.508
561.965
738.962
133.427
202.147
1232.13
44.4148
123.479
192.154
1393
344.003
1497.29
126.897
1654.57
239.492
633.345
58.5133
21.9849
1191.81
113.243
187.821
326.684
10.2473
3006.16
79.1515
366.185
82.7042
941.2
50.2418
47.7704
11.7865
120.253
349.216
3849.91
150.147
75.6336
166.657
124.764
45.3542
897.861
1592.94
57.1744
61.9221
30.7608
354.474
117.012
5082.65
56.6795
60.4682
742.153
55.3982
296.75
101.224
163.47
76.254
1434.09
1551.82
7127.52
260.153
45.8506
23.3868
39.7162
57.5715
177.484
30.2995
50.3327
67.9436
170.235
4.35282
296.762
43.9321
42.9614
146.889
67.0707
279.184
489.573
38.894
68.9989
149.563
1118.71
144.562
117.936
286.555
101.042
228.219
83.8127
51.8524
36.2336
2.47719
145.512
195.794
172.358
6228.28
1122.58
40.9926
149.125
100.411
425.374
71.6034
363.915
50.1447
3.68585
3195.02
86.1633
223.044
252.898
56.309
211.628
5234.26
34.3422
297.282
160.874
26.084
381.694
22.203
75.6982
40.3155
2005.09
140.61
131.07
175.382
991.214
173.019
90.6
30.2831
64.8166
1157.59
13.5327
395.504
15.2145
570.721
61.2705
49.2996
102.79
288.617
99.6021
58.7306
57.5965
391.21
6232.96
624.137
17.5439
1661.18
40.8142
26.2857
919.374
333.757
55.5741
19.9553
418.638
36.9932
73.2294
95.055
3023.8
379.446
14415.2
203.228
479.594
115.601
225.571
2.96981
2385.65
18.7006
19.0079
92.8175
188.101
261.13
469.738
449.011
460.061
7286.15
55.0304
1.62051
3834.51
1654.36
269.891
11379.6
1083.34
32807.3
10588.5
3966.97
23.1494
784.763
91.2384
72.4047
24.8906
1431.04
1019.16
3187.7
5098.35
23.5645
3.01231
85.5274
23.3165
92.9565
38.9705
350.851
12.3331
2361.93
68.2813
8224.48
16.2168
34876.9
289.095
1766.19
6593.43
220.724
367.12
164.135
444.799
191.384
723.117
4131.31
4853.24
2974.91
29.9083
26.0978
17.832
435.691
68.745
4105.24
487.436
3175.99
5446.99
5573.04
7.91999
296.45
52.0589
1552.39
40.8989
31.7911
258.513
75.4183
23.2154
2970.49
1.72173
67.8421
297.146
98.5994
181.596
209.833
24.1573
1572.86
427.579
37.7126
384.409
7.1458
113.755
42.3305
709.574
4.19943
86.19
14008.1
780.993
23.9187
2755.71
4973.55
411.05
395.428
810.09
2027.22
234.807
27.3226
543.944
30.8939
4.35041
46.6443
5548.43
365.862
423.848
718.472
593.749
8586.25
1325.77
452.692
70.5382
432.411
49.428
168.261
82.7224
2077.61
20.0222
213.893
12.0794
279.687
227.528
306.975
320.086
354.861
225.402
738.707
4136.97
45.2173
144.049
6009.49
3095.52
28.2362
2542.94
2825.57
2539.74
3135.32
22.4375
10935.5
7302.11
368.757
361.408
10556.1
405.084
327.457
7458.95
240.006
171.036
26.0119
12459.8
55.9175
7939.89
4817.38
85.3703
573.736
186.889
263.551
96.133
520.017
5068.01
59.8845
491.608
5.72939
1569.47
24.4429
52.9424
18.4985
217.209
630.21
365.695
3212.89
10212.7
59.6482
1943.04
2988.51
251.289
21.8441
71.5516
2264.36
8024.97
41.7167
198.902
59.6441
239.522
22.9929
1111.78
82.3183
10366.7
20.7667
194.426
16585.2
363.981
11.9888
500.328
22.7588
782.066
28943.8
1011.2
26.9066
664.695
1452.52
73.7232
33.7931
12.3051
422.074
6131.61
326.736
3752.15
163.642
67.3335
286.666
666.627
288.237
652.331
443.126
17.4821
122.857
3995.69
55.1545
786.755
334.09
1345.63
15.9502
48.9667
425.568
135.455
502.249
31.4429
3784.12
99.0734
242.711
59.5376
9.41104
32.3376
10.6052
2251.36
439.27
415.57
5677.28
25.0503
79.994
1253.85
3417.72
480.033
494.773
2993.48
122.451
23892
129.748
29.8229
23.6917
9.14442
53.5402
107.848
36.4588
387.195
51.3816
271.749
1726.1
6748.11
8694.56
1408.73
7008.09
45.4477
8.39397
758.158
172.132
72.0952
1882.46
126.856
3917.75
409.802
304.392
350.853
80.0618
43.0833
20.6908
11511.7
870.324
1259.03
344.888
20.3982
748.264
136.607
4876.6
268.187
2.98754
340.252
27732.3
23.5638
1303.87
697.504
13.4722
245.264
7840.96
224.915
63.4145
402.248
414.92
16.0123
8.2816
54.7782
5760.86
94.1422
226.224
172.748
2509.81
323.392
279.108
3030.97
117.046
365.625
4398.68
277.104
18.9126
322.349
41.6259
72.8937
154.531
261.112
397.065
204.688
1832.82
12219.5
339.579
139.028
192.69
40.5055
513.734
392.797
1977.12
36.2262
12677.2
4514.03
300.699
468.777
317.465
42.773
25.6696
40.563
1895.05
55.5887
2941.69
6488
708.659
45.0454
5335.11
11.8354
156.595
29.9069
223.923
545.654
1350.66
2018.52
10.2497
1135.24
95.3
308.966
38.0557
303.416
426.215
1456.51
315.229
558.815
69.7127
209.552
9705.73
26.4864
186.191
30.6119
671.503
868.533
429.952
96.0842
72.6636
56.4721
91.5962
340.716
10542.4
602.874
302.448
1327.76
2436.02
138.211
387.313
7800.26
1698.22
265.466
208.933
227.179
92.4922
502.162
1.98978
2928.66
955.552
97.8384
117.447
1200.79
19.1805
427.988
1.0114
170.897
4879.83
29.5573
115.693
2309.91
288.783
1057.15
1876.06
108.132
24463.2
109.111
1581.37
878.665
3227.51
9.61568
138.769
3420.49
499.872
15.3778
1381.53
311.555
657.431
143.09
1115.08
34.5112
423.703
428.495
2018.53
12708.5
1691.84
3284.6
819.856
318.196
126.153
50.5343
3056.37
25.5039
98.5171
333.9
1470.08
114.86
18493.9
8.40783
497.366
359.543
100.215
441.388
98.0135
3728.19
277.276
37.8443
50.976
374.428
2318.82
8767.58
861.438
3597.25
219.353
7367.88
437.068
49.9345
21.8846
23085.6
1597.44
43.8535
3365.49
54.9948
2985.03
599.729
35.6548
461.453
58.79
22.7914
65.8223
111.261
2892.88
1436.98
3204.93
93.334
50.1601
5584.55
30.1372
243.106
33.6834
6201.49
187.177
544.644
480.151
10255
347.753
1823.04
52.3287
23.3026
258.886
21.7352
18.927
400.975
217.036
187.705
8833.91
5.37409
1.9599
149.531
31.2665
48.5813
36.6083
470.158
796.497
26.7022
279.595
122.939
173.09
1150.79
535.312
353.738
347.664
79.8658
4713.34
19.6362
329.562
183.735
292.869
311.974
792.586
19.317
3127.66
5359.38
293.768
50.7588
9451.63
4790.03
103.559
157.928
1174.33
22.9403
23.906
59.0818
560.204
10.1908
88.6976
2648.05
14740.8
238.101
97.7486
125.762
44.0657
125.082
11035.4
12995.6
55.4683
75.6413
502.719
6920.62
613.467
15271.4
653.926
38.4886
138
3380.91
61.1513
31.7248
139.56
4400.27
1331.9
6859.91
4.18913
5155.71
388.268
1936.8
230.609
7.00844
5322.63
168.048
67.5754
32.5439
59.7053
307.168
54.6109
1008.4
262.086
219.137
378.716
4877.01
465.69
913.197
59.972
158.548
609.407
72.4728
33.8044
5712.23
4494.95
32.0325
2.44772
3279.54
129.713
1697.53
71.3108
63.8
620.314
228.112
2492.73
6820.41
39.7299
316.808
2035.83
372.294
1402.63
424.156
2623.13
3784.04
369.602
5745.69
18.0592
2758.72
7074.17
525.55
4.77906
787.904
437.927
414.669
182.552
235.337
479.369
495.927
79.9664
253.867
1733.12
250.319
2203.36
100.489
453.241
20.6417
42.0704
9087.95
16173.7
330.101
9552.04
37.7241
1480.47
17.0622
465.574
405.7
220.168
423.965
3516.24
2801.72
109.699
136.651
375.813
364.175
10210.5
62.8612
414.733
820.375
204.849
247.294
13543.3
33.6848
92.7916
90.8389
98.8224
10.3622
1.10987
12500.9
1410.4
19.1693
188.052
34.1608
412.936
3400.9
95.4336
195.809
2655.17
271.146
312.969
10763
1469.01
236.41
2.97839
6341.73
4.85791
60.6914
83.6027
1188.81
71.9782
7.91089
5056.41
2025.24
328.567
1170.55
393.148
224.386
6680
4981.02
7643.46
54.2139
520.125
300.673
289.93
3732.73
386.431
264.116
569.921
4315.21
191.665
199.478
50.7929
2663.12
50.6095
569.238
1726.7
214.988
430.281
22.0887
96.5007
295.784
1210.23
88.4104
90.0454
30.1034
4825.14
5.23851
83.2393
2379.42
235.538
45.5259
6407.71
4917.58
350.63
957.769
9024
2580.97
72.5013
101.668
2604.29
22.5915
230.237
76.1051
358.223
371.196
264.506
66.2657
295.389
602.59
24.4019
54.8846
441.963
564.63
133.285
647.14
5669.67
3320.43
6.01099
1119.54
294.296
825.977
1327.22
9955.97
18.2065
544.325
433.718
6162.7
11239.3
83.8903
1454.15
438.015
27.8949
450.903
25.0299
23.5528
18.9072
277.283
85.877
483.426
415.204
87.9515
20.9649
62.4368
37.0766
8128.17
220.357
2362.99
891.192
76.5161
11966.4
8.78002
5500.12
73.627
2616.51
44.4117
35.9726
118.927
646.473
16.7957
23.1209
5709.75
365.337
191.65
82.1465
963.518
520.752
272.456
597.784
4.611
3414.89
8873.13
24.5937
64.9973
557.987
22182
560.092
4525.45
949.032
116.364
4489.7
645.88
42.999
6368.68
732.514
824.74
33.8703
2102.17
80.8827
868.091
86.6844
16.6092
444.365
6330.71
773.556
586.94
448.152
23.8032
85.1496
250.332
54.3009
331.586
45.1601
173.355
4373.86
928.424
189.121
644.642
470.207
16563.8
47.8588
41.8408
451.426
10108.8
20.5082
156.847
30.1476
348.255
435.504
49.7878
63.4145
162.04
1647.37
67.1369
461.92
5784.58
993.92
14.4589
1795.3
342.157
2959.9
117.305
7175.44
323.534
3.19967
0.698343
3714.05
28.8534
843.997
99.7311
15075.3
297.177
112.863
335.423
151.392
395.828
145.131
410.777
5.71603
202.033
245.754
46.5266
119.521
51.1636
295.305
1200.78
244.437
153.106
887.983
640.088
518.651
1208.47
2589.67
226.033
8288.56
486.663
40.8859
2236.84
2086.26
425.607
265.77
3761.77
33.2187
2266.18
54.069
544.668
8.57803
587.224
285.114
24.488
528.317
52.6686
48.9799
559.19
7552.45
133.963
746.168
2996.73
474.617
342.787
9794.59
56.5183
13.1733
576.104
369.514
38.4248
10206.6
33.2074
13663.4
23.4973
4707.54
166.687
11.9474
537.313
1906.14
98.0022
28.664
52.3776
31.8685
64.4579
79.0542
506.317
106.889
626.289
0.968073
1230.78
15821.9
641.468
108.757
332.974
2475.89
467.174
154.483
25.1226
1311.04
324.59
249.653
3520.26
42.7278
36.9228
27.5172
588.092
2689.64
7215.6
1618.39
69.8232
444.368
46.0827
145.828
4089.85
64.1295
173.715
91.8866
449.602
20.2064
38.0724
43.1858
25.3291
5159.29
314.438
130.441
268.16
15981.1
418.375
1066.07
26.9809
458.383
15.878
962.055
29.6607
441.486
47.2996
563.034
254.737
2135.23
28.0849
79.2531
62.6801
31.4299
884.67
54.2862
200.481
8808.41
7239.46
582.461
56.8839
4939.42
166.88
196.564
10052.2
1060.75
246.178
405.03
197.855
9018.22
183.149
14.7441
29.4516
143.929
1279.31
3755.69
26473.9
84.3112
585.644
131.173
419.302
367.238
22.6709
480.499
11063.9
5401.73
2079.45
289.739
88.8631
3640.17
506.459
4063.18
294.613
69.4158
7826.8
8295.6
347.571
26.8371
4506.74
64.8635
189.811
29.2238
290.732
240.774
315.499
769.492
22.6178
145.153
282.053
79.7684
84.7728
280.996
48.3373
520.753
7069.75
49.761
18454.3
1090.2
237.858
94.3741
348.199
17.1571
149.976
500.783
5406.91
746.967
3499.25
20.9524
72.9804
206.541
282.171
16012.4
432.09
230.432
197.911
25.7525
460.66
8287.18
9761.71
1.5041
18.3825
109.495
28.1547
327.971
22.2821
3962.14
492.434
348.777
816.649
71.4679
4512.59
129.614
56.2653
26.1309
16.6069
26.8188
1.04157
121.697
170.815
223.528
149.556
1558.46
856.863
8982.52
440.108
320.204
1065.32
37.739
538.689
28.2793
286.541
16.3081
6139.23
61.9044
1493.25
9627.12
5582.28
203.023
48.3521
21.5214
201.495
277.848
105.342
229.701
165.587
138.247
716.699
411.844
419.009
6.89927
304.446
397.971
35.9591
82.1027
285.132
168.034
3166.79
1502.04
362.964
144.334
4785.06
136.32
61.2574
14.7481
11404
279.845
79.7171
233.032
111.447
14.7817
2586.07
16.549
6588.51
482.967
4.80951
6748.61
393.69
287.944
101.162
212.747
105.507
50.1853
824.741
579.257
393.663
41.6458
26.762
2343.3
1.50785
10298.7
25829
218.845
1329.64
3561.78
3167.34
234.806
369.711
242.502
172.521
659.327
12.1754
142.243
209.656
165.87
256.105
1432.41
1983.42
1130.78
45.0791
340.146
66.7307
1440.95
186.219
34.1231
1561.73
49.3706
425.229
10150
61.1741
338.901
4888.49
103.221
150.862
6757.51
259.119
246.291
3880.47
121.521
615.327
233.786
21.6171
6180.63
19.5432
27.7352
0.240455
482.143
195.612
45.5823
171.56
192.056
125.936
2220.71
8621.22
5819.5
17.8298
74.7527
147.829
8508.62
157.341
25.1867
8.82613
341.889
29.4146
362.785
37.3599
462.344
65.8197
506.412
1169.26
423.195
122.009
2803.57
15742.4
421.403
124.85
39.1946
264.18
2645.25
64.7114
0.344617
6.38716
82.111
1025.13
16.6475
13825.8
1139.93
40.6633
332.593
428.635
395.408
42.9048
252.067
824.347
294.321
435.492
298.466
48.0632
21.9881
5607.33
61.7696
162.661
225.944
12335.8
15440.8
15.8258
517.364
41.8551
4573.32
1572.35
21.8922
1123.58
16.3664
13887
564.069
443.284
372.936
2052.54
4320.83
3731.53
297.911
627.32
4287.85
123.274
782.083
603.237
373.553
1374.38
256.721
3785.06
214.816
2439.58
3052.69
219.388
348.199
2045.88
16.2002
12.7121
2567.56
592.535
2713.71
33.9136
84.9644
17944.5
987.395
475.792
654.11
213.403
417.271
230.094
45.4763
23.6555
52.6656
3072.16
4147.14
1445.81
66.1229
128.597
460.069
272.536
268.418
37.2
510.521
16.4838
258.232
2602.7
46.7518
41.9429
11.7077
77.3527
50.6259
3668.25
280.677
519.654
27.5168
228.021
199.942
273.747
4.58097
1217.2
53.8226
266.588
396.386
80.9559
12012.8
5.87679
237.108
986.342
11.0602
16.6691
938.217
783.733
4238.15
150.337
39.5692
273.55
131.278
814.568
1950.98
587.81
292.051
17.8178
2398.4
2193.74
432.343
142.514
36.4233
91.7539
8510.96
363.524
140.027
309.23
527.396
67.3056
692.271
2617.99
70.9254
2862.51
29.8791
8.19457
26.3348
1278.55
400.678
6053.33
1781.47
24.1617
79.1305
7621.4
6228.58
3961.67
4564.31
20.1613
5123.95
20.5862
220.427
100.204
230.384
236.612
1695.72
485.141
47.4298
195.64
51.9759
123.012
1654.36
52.5073
55.2366
166.768
7723.96
2034.15
4.75788
222.309
5535.88
0.343704
86.8635
610.897
657.162
52.8316
5028.34
24.8979
197.412
1250.44
205.221
653.81
414.872
22.0522
111.366
32.4947
1043.41
433.616
201.203
7925.18
7.07309
18923.1
1135.76
1149.96
1398.53
1870.63
232.583
15.8236
110.152
107.95
6.9718
6252.91
71.7277
30.2558
580.135
339.594
129.647
74.1651
1.79753
41.5197
85.8538
748.496
868.277
1110.81
2141.37
272.322
445.545
44.1801
7207.39
352.019
241.997
454.371
228.651
1429.89
815.557
53.9037
391.068
184.76
3700.03
73.6268
66.1105
380.91
6.03615
719.603
489.827
2154.56
39.4828
11541
528.112
301.616
466.235
230.347
414.201
110.154
17.488
593.282
55.9062
4723.8
375.985
4.93061
1781.54
610.861
36.1095
10.0649
386.627
1298.92
9.29453
137.278
1697.19
8408.73
3759.38
36.7522
142.229
547.193
46.5145
3647.33
5507.25
1827.68
1812.85
1246.8
0.21898
15.7784
5522.63
4.39345
1044.88
10.3106
35625.7
609.593
78.9365
49.024
6208.51
1675.72
281.66
109.075
6979.56
7464.96
1192.09
222.443
474.448
150.097
344.519
280.1
14.295
44.3296
16629.3
206.083
36.7249
21.7499
55.2777
313.231
32.4699
1095.18
88.1448
55.8158
51.3419
50.0398
5639.35
33.4045
1932.56
300.796
412.947
173.722
5.4434
59.6953
357.859
28.2105
5780.74
534.685
44.0873
431.46
420.46
3228.79
1746.11
13.7163
475.824
10337.8
19.4045
113.241
22.3012
56.2229
3404.74
4391.28
1110.55
263.315
7530.62
68.051
38.5475
1446.86
640.063
2815.26
74.0161
8960.12
339.473
504.819
14.2998
0.959119
4880.67
0.639603
2382.15
61.0074
69.9783
40.7548
2342.27
446.401
3881.63
22.4481
35.1294
528.947
36.4381
1020.31
3152.58
104.812
18.2739
319.934
216.974
11117.5
35.3016
1864
16.7748
508.204
12.3556
5892.24
345.607
288.242
2499.28
2304.54
51.6701
497.283
352.378
173.442
88.7907
66.2449
225.512
80.7105
339.196
282.262
76.2091
152.036
756.275
114.562
25.7711
470.144
363.579
392.416
156.437
141.381
4888.82
80.3238
1447.22
5626.96
354.607
324.71
846.997
7.04325
69.7668
11.4182
371.676
249.661
580.357
590.668
26.358
1155.94
4638.07
2.85639
885.937
419.808
78.9993
107.99
593.298
117.536
270.429
1483
401.153
24.8332
331.887
2622.91
71.0942
13.393
25.574
21.3192
239.11
194.761
109.951
578.473
3111.59
384.996
14216.5
166.349
3318.63
277.531
3977.94
1047.22
12.3433
345.691
625.761
42.607
967.491
2693.12
469.875
42.114
502.81
195.855
884.883
1893.83
1115.91
22345.7
20.6882
4152.05
327.92
21122.3
2681.3
261.238
4785.99
12.094
56.777
338.191
7769.11
3144.63
717.926
29445
1799.87
16427.6
535.033
21.4841
330.061
38.7192
404.314
271.936
18.0446
7.79845
419.161
272.447
89.0542
4.94641
220.689
287.141
2220.18
292.518
172.064
255.807
381.189
2016.84
100.131
181.705
25.49
118.339
6.37242
10834.4
31.2126
40.0139
5013.78
5228.47
3192
558.287
513.85
415.121
587.838
390.991
2.53525
66.8613
458.946
234.687
250.756
4729.6
4982.81
6647
13006.9
156.536
837.657
108.496
397.812
10.3131
787.808
1775.86
7215.83
122.328
2939.13
100.548
13.1212
48.062
0.533641
3463.22
3099.86
41.5029
372.895
5044
338.427
2368.86
7587.86
95.3407
375.42
96.2108
103.443
281.611
57.9684
3700.9
1338.12
60.1481
43.9158
828.708
12.0062
59.151
237.8
538.482
6785.8
834.499
11.6475
3353.51
463.03
160.674
32.2644
1666.99
3325.3
246.955
246.474
5914.98
15.3124
49.14
3459.28
2565.89
473.337
805.927
349.564
654.543
280.816
18311
2272.09
102.982
200.543
312.341
372.629
240.359
82.449
179.602
5673.42
106.298
346.801
28.1097
15.1754
4050.89
7.98534
6368.46
600.478
7397.68
36.0055
963.728
1349.66
105.595
4714.81
9399.26
486.196
11.89
294.625
26.1173
254.519
58.9126
228.211
6685.19
49.3175
1705.7
12425.2
5544.48
231.814
13.4873
1754
536.325
8206.15
1160.68
174.192
3061.4
11.3907
266.689
1337.14
4933.56
186.182
1866.1
488.431
692.967
285.01
5741.4
230.935
66.6012
77.5232
3445.18
708.558
8046.99
3433.35
207.378
41.0885
55.2551
2831.41
25.1367
3256.6
140.605
1943.02
500.753
46.9398
413.225
643.058
206.543
2.83274
106.111
46.3321
5312.48
15.4538
4986.08
92.918
389.084
407.072
16.327
360.455
5639.14
337.265
213.37
446.361
55.3162
12.2747
87.5123
19.8922
404.1
15.0461
50.9885
903.441
18.0558
44.6691
812.306
9013.13
19.7434
120.34
15.4679
14106
32.9613
33.8017
542.776
7481.04
11.2266
9748.82
315.981
6.14875
547.135
3687.45
3204.14
265.666
107.945
1702.72
1123.19
832.945
15619.6
16.3789
301.781
308.966
39.5384
51.5825
19.6154
477.484
146.252
5871.43
424.52
207.413
2566.12
246.76
332.866
252.225
9333.87
5884.82
115.492
53.1694
38411.2
539.606
6298.79
696.883
4.83958
3345.55
171.346
9377.88
50.1582
950.566
136.645
249.053
11.8456
168.094
408.274
100.832
554.888
143.113
322.842
18383.1
93.4454
0.215863
33.4193
464.055
56.6384
209.869
1326.36
311.879
104.829
76.8865
1525.27
191.446
22.0416
5566.84
4344.99
788.342
527.722
9991.85
134.833
928.567
151.782
341.534
101.496
20.787
2930.21
21.603
2265.74
268.64
499.943
9.97524
961.588
14.9346
4.73058
1421.19
37.4496
155.07
1158.56
658.278
5851.14
99.2519
175.346
5312.83
124.027
1591.18
1207.96
84.9673
104.681
346.352
19.4353
339.307
130.273
218.081
128.333
1559.55
271.737
666.349
338.652
2506.41
495.785
11590.3
40.8693
209.599
219.725
359.265
2181.02
9475.44
342.75
1.70659
529.848
35.0979
69.573
3323.64
87.2967
3311.91
95.8299
3193.91
33.987
3401.96
113.689
274.94
2873.88
2577.86
714.111
28.3348
6383.3
3716.28
4.42719
388.652
129.948
2297.35
551.934
417.836
371.049
26.385
6464.09
259.365
105.14
28.987
10068.2
4916.77
23.6871
512.816
352.715
336.113
447.828
281.169
33.9471
61.4406
65.547
10549
210.938
637.704
230.266
10663.5
80.8878
299.81
98.2407
268.04
85.6855
365.919
519.443
2057.61
10155.3
10161.2
137.996
195.467
787.527
102.743
566.396
22.8506
248.488
5.91017
27.2591
4795.72
219.195
1980.41
3434.77
9005.63
49.1578
6143.92
216.071
393.773
23.1441
324.367
24.2506
923.673
12.123
103.341
6017.5
135.862
1299.56
61.1965
55.0073
150.563
36.3552
193.908
31.4508
526.105
66.1074
540.659
34.8236
719.867
59.6512
2861.12
2683.92
6062.44
23.7572
227.314
392.078
448.308
418.899
6590.02
1495.54
342.396
1088.6
11648.5
1509.31
47.0764
217.507
9672.97
13.6993
104.87
190.874
1281.06
2369.36
221.72
99.9891
1808.61
3532.79
126.192
2628.46
261.837
7612.39
48.384
208.209
11.0366
1404.41
90.8578
567.856
383.343
166.785
2176.42
4593.55
67.3148
73.7443
54.2976
1523.19
110.296
432.705
32.8127
19.3512
2190.61
134.929
20.2439
9.95361
517.162
14.9254
187.686
21.1969
75.3672
3194.36
2099.01
343.172
6788.31
6.15067
248.367
164.623
10.4686
1397.65
41.7647
64.82
75.8233
839.299
590.595
4134.13
22.9068
4851.31
1368.23
7173.14
521.577
59.8491
2370.59
120.794
503.863
310.202
454.863
46.8514
31.4015
4.72164
315.985
837.114
613.914
39.1932
72.5478
71.7775
2003.32
1055.27
2389.52
148.497
4771.57
46.0924
21.6782
48.3542
234.948
23.1078
1609.26
70.0062
12.5886
1763.38
563.499
38.2196
99.139
95.5562
6776.98
391.828
504.539
7073.94
332.685
14590.7
394.305
159.927
27501.4
616.593
11.2614
464.684
2174.53
8948.14
23.5031
9476.44
6637.93
589.273
3911.63
87.818
175.148
6149.57
459.346
370.487
83.1504
305.178
125.342
116.067
7536.17
445.221
663.145
21.7505
511.298
6074.73
6486.17
519.241
49.6315
261.724
333.548
461.593
240.19
322.374
4480.28
12.2424
24.2328
282.521
497.951
28.6951
299.746
3.69652
121.536
5821.93
431.052
165.023
18785.6
26.2674
118.217
4954.65
6367.69
5.96552
143.425
50.0409
191.53
362.669
662.061
0.998953
44.7372
2530.3
11589.5
3.50361
5476.58
540.486
117.84
239.831
2757.67
95.9093
107.703
82.1773
4543.41
139.162
284.041
51.1583
29.4659
1462.16
4.04415
15673.4
839.017
45.1706
5471.78
954.772
11928.2
149.779
80.8908
123.725
5911.43
1185.35
10636.9
7.27516
75.5279
106.549
34.9313
388.437
63.7681
4875.83
60.0337
27.7916
372.12
422.998
1914.06
9753.44
9245.13
18.9978
288.783
89.6075
235.416
195.514
95.0346
240.036
6828.76
6.27452
232.559
89.3779
391.37
8476.6
11093
26.5575
2719.58
23.4485
10.35
81.3769
107.289
14755.1
1508.38
622.113
92.6333
307.642
458.876
18803.1
42.6242
425.243
160.15
112.841
61.321
40.4454
578.823
1.19734
14.2525
7148.33
1031.46
96.6518
3615.31
4595.46
3.6365
450.521
99.7254
6.48782
7558.01
163.345
2941.12
156.886
898.981
55.4529
103.951
49.1501
507.259
18.0546
3207.86
456.078
2182.19
25197.6
1485.67
23.5052
119.996
8026.36
345.157
268.338
144.231
512.525
430.997
398.159
29.9487
121.511
29498.2
15.5379
18.4306
43.5624
426.366
39.0355
3138.82
90.188
2846.78
192.947
14.4502
76.2825
7526
374.245
579.895
102.89
5207.42
361.637
95.3908
73.043
1192.45
339.814
35.823
256.298
26.1999
382.47
376.823
14.2701
521.317
1942.63
85.2438
87.7453
62.497
7674.78
343.495
292.227
29.513
347.925
475.404
30.3111
465.634
375.088
2775.45
235.371
48.8938
7107.21
4206.03
69.6671
230.414
3105.47
348.477
1000.42
34.305
22.2094
3476.17
42.568
406.643
71.0841
365.446
267.266
1.0261
8812.98
17598.1
4103.31
556.273
9050.98
787.325
2176.08
300.869
3783.02
2773.19
284.977
23.731
9106.33
3145.5
735.134
92.4439
6850.36
6829.03
24.8361
142.399
330.791
216.797
395.332
268.439
31.7233
981.875
403.884
2841.68
131.815
23.6862
4963.27
25.3109
72.1634
63.0292
92.7795
1150.88
2299.58
55.7359
3546
32.375
3732.19
2762.56
655.777
1190.29
103.477
282.131
44.5247
146.736
5.96111
252.543
227.711
867.722
12.5158
36.6953
7557.07
2541.01
524.466
102.601
4688.54
3403.21
33.4026
71.5708
6086.63
775.777
109.545
136.509
84.499
504.997
5021.81
1974.3
295.747
491.498
114.421
435.198
1831.22
35.3207
4140.08
973.515
89.1348
35.9881
2646.55
64.2463
52.4768
34.0242
18.6475
10935.3
5678.24
1414.68
602.545
1752.21
33.5974
443.734
489.021
120.216
351.185
179.896
54.0152
2565.52
101.257
58.2724
3324.42
532.229
24.9816
3467.74
120.494
163.777
111.618
418.687
5457.53
1162.3
0.887667
444.642
13899.4
218.744
3007.6
5531.23
13553.2
120.996
996.341
3976.96
2.52734
307.708
1136.55
26.3225
1470.43
13520.3
26.5428
1588.43
70.1582
80.1615
16658.8
3383.27
193.984
901.232
3.26617
62.3607
11.3214
106.753
4180.65
648.336
25.6162
1917.51
14.3427
54.8878
47.2362
215.8
29.3294
479.766
1579.36
327.033
24.3823
26.5233
368.824
339.304
16.8636
41.2701
583.973
4946.04
167.551
488.789
1567.9
298.474
239.046
3970.72
14.9755
422.393
7161.64
2817.76
3991.76
100.44
5024.86
140.292
6134.47
233.97
1107.03
229.761
723.495
478.354
54.3269
1309.5
15.5965
81.1671
3881.32
1292.28
36.6567
1453.98
41.7047
82.1296
27.3146
3243.54
174.906
635.566
5294.56
18645
209.626
8112.01
199.134
6778.39
478.88
400.127
3283.02
1763.11
4008.52
15407.9
35.4251
8673.55
18580.5
491.914
353.07
2598.3
408.766
1520.42
3765.41
155.047
23.0222
192.046
3141.36
519.696
800.075
932.146
481.857
583.565
18.7801
34.3313
1819.1
722.112
197.966
1554.15
360.057
13539.3
165.035
27.7868
106.627
26.5028
519.416
197.646
1167.23
8121.65
97.2554
3274.91
96.6465
1603.46
347.93
1591.85
1071.88
191.728
1.29434
2927.95
12145.1
4122.7
277.367
1656.69
7915.65
187.542
15.6146
23.9701
443.798
3812.19
57.8208
85.4512
2097
33.6503
292.108
2535.64
605.626
133.246
19.2147
467.705
1544.17
23.9154
114
2174.76
133.128
359.87
431.742
2264.47
347.035
22.9937
186.539
794.971
2583.7
74.4526
139.249
172.509
933.25
31120.2
320.543
35.6554
431.07
13699.1
63.3433
150.6
32.5394
438.053
206.682
265.79
124.827
396.535
202.535
207.194
48.1689
183.065
49.6642
29.414
56.2074
5294.02
284.787
730.996
464.665
109.021
11585
134.62
1301.81
49.7015
2.61674
263.486
21.0242
381.118
42.5527
17705.7
44.2361
100.975
35.0629
2783.4
24.5895
324.896
19.3269
2898.24
512.609
2371.65
271.829
384.769
417.872
5705.65
162.754
56.7215
206.009
335.293
24.607
120.123
107.561
22136.4
64.25
805.035
516.15
894.997
85.5589
35.0671
469.472
72.995
12.7022
38.5222
176.063
838.623
16933.5
69.2395
22.3028
465.792
7.801
13064.9
4536.09
9903.88
1108.33
53.5196
366.973
3545
157.476
1710.17
829.711
368.013
4963.29
216.703
4424.24
2802.07
63.7469
131.16
26.7717
8411.12
101.115
115.486
1683.33
5384.54
21.7608
325.693
82.8698
5399.65
31.3082
39.1434
488.887
3307.2
13451.2
434.622
337.978
28.3871
5145.36
416.532
77.2053
3651.1
241.19
368.577
57.907
128.422
6731.07
75.7367
192.217
33.236
86.5623
6039.65
2298.37
21.9864
45.1819
459.685
4749.5
112.729
627.602
8.32222
45.7383
9.40931
1137.23
3383.26
6151.75
397.19
449.857
189.77
21.9612
1204.75
413.352
5.12545
3126.6
1977.88
255.595
401.104
3866.54
1001.97
4856.43
24.7241
15.4669
274.874
512.685
42.9698
152.09
3919.91
16.603
98.2744
395.7
285.015
226.257
2597.88
569.948
25.9283
22.4133
523.853
5.61226
13177.1
112.088
4083.44
12.9438
2883.54
11640.1
313.324
372.128
225.985
191.484
242.294
56.8332
63.3412
12034.3
266.666
123.908
287.505
22.959
221.408
156.337
1348.51
50.708
825.872
241.51
507.928
7217.98
66.7064
2181.21
198.764
535.281
176.871
385.157
21940.1
47.5904
15.3607
2443.65
362.569
70.7734
195.863
1244.41
38.9657
790.066
255.841
9082.05
130.611
1360.77
302.118
17.6485
400.148
428.257
5.9094
310.172
24.895
389.896
3656.5
87.6139
77.1946
1461.72
350.8
21.7973
409.79
544.84
71.8575
194.687
27.1411
15977.7
34.9891
551.769
1815.81
203.898
141.491
6298.54
14756.9
4569.02
3571.16
480.58
164.065
325.161
104.433
3580.62
27.2528
1298.16
148.319
23.3576
49.0146
121.487
50.3922
248.388
22245.7
37.802
5826.17
112.964
765.444
443.403
10.825
46.2475
9288.92
5648.13
5742.41
9.9791
144.91
532.007
121.695
149.344
407.255
51.8867
19.0737
60.8389
345.124
497.439
765.926
239.152
388.121
2044.24
146.422
78.9148
6343.46
356.437
1659.09
129.393
441.759
2117.81
82.6428
95.263
1257.95
249.8
25.7196
4005.69
522.849
25.6753
140.586
488.2
36.37
18.7674
124.239
6470.04
1006.75
7398.66
5069.72
338.202
9805.79
305.777
293.671
109.971
216.115
214.58
5053.18
988.544
282.473
476.702
392.732
192.229
34.9704
1817.38
77.9065
49.1537
1553.82
264.095
27.593
25.7241
369.524
311.439
1531.68
499.539
6332.59
25.7176
1611.47
41.1689
23117.8
77.2949
22365.7
14.7558
1743.87
801.349
57.7925
394.75
2.78737
266.443
480.892
2475.82
206.12
3819.74
1256.86
39.2964
7964.2
2861.59
2549.52
94.5984
72.4908
626.048
3105.97
210.551
22335.4
155.286
8561.35
97.3337
529.55
1232.37
276.512
306.176
21.149
611.472
36.9825
75.5764
2844.74
9965.92
29.1939
504.704
7949.61
43.2107
273.8
8595.39
10808.5
2925.01
14394.2
1380.86
1513.44
52.5638
122.963
1591.97
2192.95
95.9905
653.492
1370.15
15.0733
64.2848
74.9587
9263.98
567.85
101.766
510.851
9.14891
500.838
639.786
269.498
9043.56
5796.32
180.891
193.315
1939.59
43.8382
146.81
12433.6
37.9273
5519.73
7.56011
101.868
23.2444
44.2722
851.82
621.609
52.1389
193.622
93.2647
19455.7
33.3168
7006.59
17.2109
582.769
190.436
72.5987
3270.78
619.412
2057.63
275.21
2409.09
420.916
1755.31
5787.34
423.924
880.889
138.692
141.538
4332.65
24.6123
997.279
483.689
110.28
285.913
371.601
289.603
4575.85
207.092
323.897
2350.25
5520.13
49.016
39.0252
1920.29
3359.21
29.3023
194.777
3979.78
224.874
627.073
1059.39
1460.44
71.9406
73.4355
2.64621
464.397
407.524
30.3465
63.321
1862.25
1920.04
11349.1
1270.83
168.833
917.432
4032.67
10.6249
6.07994
57.4177
117.461
3146.75
62.1458
3715.73
9.11184
110.48
4412.62
7628.51
1707.12
1969.85
75.3647
158.954
438.265
13.7599
8665.47
64.1404
3195.22
563.442
297.924
62.9394
15.1041
1903.06
149.714
1972.85
3315.54
17939.2
6069.86
162.509
75.9694
11686.5
182.971
1172.94
5939.87
241.8
45.5671
524.105
18.2596
22.9023
14842.7
3372.23
388.842
14584.7
21459.3
14891.2
104.017
190.079
114.069
242.387
51.1104
15.7472
153.065
670.317
57.1054
5709.96
1045.28
85.7461
39.689
1127.37
13.2679
273.702
5556.29
4010.68
184.367
143.776
6050.44
270.175
909.033
10435.7
319.038
102.885
29.5495
706.367
33.6094
7450.67
404.62
27.7274
516.031
2705.22
18.7031
3034.26
376.773
49.045
342.35
15.1604
3575.89
317.037
10.4797
986.581
6654.3
2341.64
1649.62
481.972
131.634
11266.1
218.544
683.066
428.364
2811.15
760.947
80.0573
52.2972
84.1001
42.9739
120.046
36.0822
242.733
316.074
633.864
6978.03
3472.37
227.138
185.824
533.801
4858.9
251.274
40.1366
546.666
152.729
18.4459
11.1989
10489.8
29.2004
542.062
109.095
182.808
8997.7
1635.92
89.8403
443.432
25083.2
1213.02
256.629
82.4263
48.186
227.446
596.068
2410.94
22.9017
250.531
674.367
577.643
60.2281
3600.38
14682.1
948.423
51.2052
144.442
356.511
6190.27
7902.35
315.322
39.7524
2548.69
116.133
50.48
261.899
1901.21
272.087
2609.98
7408.32
121.156
3367.42
48.3484
44.0682
471.473
82.2527
233.841
156.223
57.9992
75.7426
2657.72
207.665
1928.22
1145.73
2898.72
6210.2
182.553
1282.47
37.2705
29.4565
2842.12
685.56
10.3873
1092.42
21.6133
3818.33
3563.96
115.119
2780.85
28.4455
585.975
8412.9
8348.83
371.967
53.1439
165.727
58.2277
14.9529
16.7142
14541.3
25.7857
6797.69
384.887
21.6718
80.0525
442.747
192.587
182.774
454.949
2479.4
2110.89
33.7296
44.2861
124.768
40.8785
25.4331
498.763
987.997
497.884
358.941
99.7455
420.625
131.128
207.056
40.8999
5340.9
569.339
369.247
39.7778
557.688
91.712
119.528
1338.82
113.521
2761.3
74.9394
286.032
701.472
258.501
5.24685
364.912
38.0085
50.0557
21.0022
87.6363
314.355
32658.8
242.276
709.318
1468.4
238.861
29.3359
7473.66
88.8425
5120.69
5681.84
8459.47
111.08
18.9918
3040.17
396.903
214.426
460.786
75.9634
13.2577
3662.86
144.029
28.0768
20.2026
35.0321
956.618
110.822
35.1128
343.637
3.20368
321.27
2794.55
6816.65
141.056
3646.2
1752.23
1946.65
360.083
529.531
71.9444
3735.62
2987.56
1552.1
1225.53
23.9134
15.7863
67.7971
558.831
0.944491
137.175
57.1118
69.9722
3382.95
180.116
417.941
254.649
853.539
105.887
321.962
165.996
441.914
8.73253
11.6837
5.70258
7900.73
243.852
635.556
6815.85
105.294
117.75
334.66
185.683
34.1166
11779.4
86.0775
1580.12
3987.51
399.129
33.0628
8847.91
196.414
270.078
0.605503
4894.44
336.828
17.0007
146.62
84.7106
362.16
7702.29
7.45424
393.811
1514.18
85.7789
4269.06
10.243
9281.11
53.0918
11.7208
388.283
103.314
463.685
79.7235
877.843
26.1727
167.431
152.453
116.487
437.918
20.1909
29.7865
110.517
348.528
339.754
228.913
4.55592
870.022
8968.69
345.309
4981.1
38.7459
8.00763
5214.07
55.0493
8623.34
10985.7
230.222
223.83
960.25
322.833
387.295
16.0439
6540.07
170.778
12136.2
2704.53
955.798
24.4631
398.962
9131.5
499.629
2322.66
2383.6
379.364
129.523
172.768
150.361
11718.4
1494.17
2185.34
210.053
101.665
123.25
19.3434
11705
191.418
5585.09
69.0142
6178.22
1371.87
684.98
263.766
248.903
408.596
9.60372
13300.3
6417.53
65.5695
14.5728
27175.7
3146.56
1328.51
21.2938
7820.01
4037.24
326.331
77.7237
4446.42
25.76
235.129
2106.67
278.687
951.969
4195.14
11.5018
132.438
63.5746
65.8716
684.982
483.307
3753.95
1189.99
798.939
218.112
106.067
196.977
111.903
90.2539
52.8956
1927.44
11.1483
84.8157
547.437
1135.54
7501.01
2340.8
252.605
46.9771
717.825
1684.62
6135.23
12267.7
5.08724
313.007
50.0798
77.4189
13.4575
317.133
231.303
5234.75
224.623
228.943
36.7672
1234.07
979.938
373.055
67.1189
1177.9
1768.49
52.3395
29.1648
23.2079
141.174
43.4975
1.17465
691.974
213.645
419.437
217.501
5159.08
38.8617
419.087
312.452
2150.83
1791.48
1252.34
4826.12
3334.4
22.9009
12175
37.3145
63.4701
7201.78
694.377
20969.7
267.479
38.5614
163.132
3619.29
19401.4
23.5817
353.176
10.3199
571.588
151.499
6710.09
29.4741
274.118
121.67
6920.81
380.683
7813.84
972.484
314.694
414.948
581.165
247.598
0.95302
156.178
15.4898
2417.06
9.00857
113.295
300.67
218.495
108.284
233.94
6079.8
1121.76
272.6
775.223
31.2498
96.8637
295.198
15132.3
5090.63
860.959
12.4069
603.01
6025.94
111.321
53.2393
42.3878
897.265
22.4828
11777.3
1842.1
2492.15
341.599
4483.45
1650.19
6.2514
1530.94
185.482
3349.61
109.21
18.0094
362.407
4338.87
816.662
42.398
18619.2
645.981
117.057
37.777
1683.88
234.226
436.907
687.786
241.671
279.028
103.485
46.9077
515.302
105.613
117.282
20.2352
2585.45
194.387
524.336
3263.88
71.4897
295.573
1056.2
506.786
112.163
96.5736
667.075
90.4195
69.9272
1004.95
63.307
3860.15
1096.47
43.2891
100.967
8972.86
4725.88
185.648
7080.4
155.315
384.438
12940.9
23.5052
247.262
54.8469
226.538
1715.05
3838.53
212.653
3451
186.853
46.3052
56.3051
3049.64
54.1387
753.106
98.9371
26.9389
449.035
12091.8
5047.1
937.746
390.959
30.0028
11268.3
24.3255
73.6418
43.6657
551.281
75.9196
54.5139
3540.57
857.171
9.40975
64.7693
444.923
6021.74
225.204
15122.6
10129
898.469
5774.04
18.5056
81.6954
11.0903
120.879
264.35
958.216
212.608
5267.02
379.695
96.9989
928.148
40.6864
641.39
67.5048
1770.68
42.1847
275.267
321.413
31.9782
556.858
1039.46
79.3649
726.076
320.151
414.218
53.7224
519.801
1982.38
13.6433
24.5787
325.289
52.7325
216.658
406.021
818.276
17079.5
40.2301
65.4342
2160.46
713.719
460.146
796.17
126.893
2247.64
20.4933
229.651
266.584
79.3722
48.5192
4140.45
4.36339
1196.1
373.376
1438.26
4125.18
91.0848
3911.22
7031.01
11.7379
524.542
361.196
59.173
64.191
266.02
86.5207
546.97
2131.06
53.6287
359.706
91.3831
1158.42
529.777
122.715
379.852
3226.35
39.8538
44.7183
1129
31.2588
30.2207
6579.13
16967.8
3964.94
8.14139
51.3146
554.609
279.53
1461.08
2361.55
1280.99
246.879
247.081
8166.41
501.499
22.8678
27.5111
2016.5
761.14
49.452
5.33584
189.159
449.915
156.483
12090.2
52.0903
422.757
5390.04
23.0865
60.0882
24.0083
53.7888
76.2612
145.58
752.123
41.276
99.1016
508.139
210.63
70.3539
3.58095
117.006
3039
283.409
188.531
57.4359
0.6779
615.415
57.9142
80.4873
1289.91
9051.04
1601.8
3941.43
168.298
4424.81
38.1329
605.381
26.5608
20.5633
15.261
2960.76
95.766
274.973
273.347
3293.2
2834.37
13.9111
628.179
10482.2
94.1501
11.45
2591.58
148.831
518.484
458.261
1087.5
84.0655
5548.52
7280.58
162.813
1041.65
1473.66
3.88921
18.9614
53.4025
35.9953
180.154
2283.71
62.7297
624.467
42.1427
585.889
218.706
87.5864
738.94
5304.46
10552
67.2868
1647.36
4823.96
301.53
132.558
462.158
7778.37
155.855
76.717
9.9673
366.063
44.1764
227.893
25.5108
3.75836
254.739
60.0447
74.0989
108.77
388.491
134.738
199.934
35.5745
1280.74
567.579
6416.59
5262.03
748.912
2137.26
557.052
418.467
363.678
51.8072
364.858
715.017
34.2601
7431.33
975.602
65.3693
70.2099
4542.98
2697.52
7119.84
1160.15
60.8773
962.782
339.009
2450.35
81.226
37.5336
56.9984
423.908
30.4953
930.612
2393.35
59.6846
1093.48
367.042
359.412
4776.77
352.895
3555.64
50.4233
6722.11
219.501
12.0501
423.19
2815.33
1601.99
107.851
29.4564
249.07
38.4687
41.5426
7072.34
12425.2
6450.51
44.935
302.183
47.2454
8.8459
5698.06
758.033
447.908
2440.52
8.33545
268.994
419.622
648.087
2948.83
4.2526
394.014
455.593
84.8817
127.763
257.401
344.757
2485.68
22.8523
78.2238
356.735
1417.12
4734.56
56.9632
5.15
345.842
61.0553
17.6114
279.386
167.694
794.201
134.281
511.679
9.30577
13.1411
4356.17
32.5627
6405.09
50.0055
147.466
330.97
178.932
279.371
37.4195
2782.7
2611.92
1154.63
444.929
93.0279
27.4911
521.607
9144.38
42.1114
176.696
3072.23
873.394
824.776
1705.51
7406.45
2485.85
12.8304
418.63
391.634
60.3439
147.034
22.8375
99.8677
459.065
5537.64
10.983
444.183
462.332
17039.5
473.398
52.8227
2554.01
329.464
117.245
3076.56
416.878
6824.21
4402.02
171.805
431.873
14845.8
332.836
142.744
598.169
4761.54
159.012
7572.34
30872.6
461.304
15.0349
167.127
999.266
233.773
352.241
513.282
36.4085
2259.19
293.438
5504.21
29.0718
18.7178
83.6662
3666.8
231.275
341.972
23.9056
33.1281
91.9525
635.669
33.7337
437.104
371.935
164.799
193.94
182.9
49.5351
15735.4
3764.5
138.745
227.932
359.194
524.67
56.5191
19.1994
24.4374
88.8782
15.1868
354.912
246.449
121.912
2656.72
7912.5
578.754
35.5381
33.1528
117.459
227.9
1601.19
13894.4
29.1819
282.268
622.611
3236.77
8327.97
10448.9
154.588
5705.3
14891.8
301.729
22007.5
36.4898
82.0628
4.5811
35.0124
48.955
12.0331
1430.12
302.589
783.691
21.8262
160.622
36.3699
63.9294
3034.32
340.024
17214.8
303.224
3250.22
8796.23
138.293
6695.38
35.9916
42.254
165.794
469.028
20.8429
7517.32
30.3566
114.663
89.2651
28.0264
32.2293
2965.99
55.6954
27.825
4507.13
125.259
13.683
282.038
458.564
442.022
1974.21
2.67907
829.284
446.763
3549.45
305.484
1405.54
6992.31
888.866
29.6852
34.9159
16.7771
312.035
705.729
41.7055
52.3751
43.7436
96.1811
1206.68
31.0216
224.096
20.5418
23.0234
72.1439
5352.49
189.83
5162.58
156.722
5479.92
71.3463
685.571
390.343
2350.23
148.827
183.052
254.922
309.261
414.653
6.14743
202.977
481.287
7014.44
17.2215
6.08969
13.5467
9914.48
773.736
78.4237
13648.4
754.668
25.8621
485.761
20.7141
361.698
411.749
285.165
100.811
51.1986
9352.58
65.8013
361.159
3189.9
86.6712
42.8473
116.912
20.641
36.7757
1454.64
92.25
1809.35
5277.27
1303.77
6024.68
262.001
194.069
432.071
132.687
266.81
31.5284
202.325
42.3165
120.558
18.8785
129.677
110.273
10673.5
2970.88
228.594
25518.5
15138.8
630.391
246.127
41.4274
142.11
64.391
42.8482
38.159
6020.08
4201.33
95.7061
4.27989
3352.36
4314.49
5535.06
22.4892
7027.73
237.015
133.07
339.664
236.074
322.293
251.379
25.3839
745.302
239.259
294.893
2682.1
33.3123
39.5937
616.366
30.4832
880.182
204.599
667.569
408.273
12708.8
42.0003
7095.59
3198.78
3840.74
1150.09
54.6013
118.285
531.201
47.2881
171.538
80.7391
17.7542
13.3512
1416.11
18.6696
629.985
73.92
2736.32
1336.09
13621.9
54.37
32.8419
282.219
34.9838
50.2153
2770.91
430.526
782.392
423.212
124.835
108.548
540.368
70.2324
5632.09
3727.41
493.21
3257.6
180.463
137.373
933.175
4579.06
1769.19
98.9785
294.21
9.38334
125.636
3253.64
2668.17
2931.92
93.1579
350.361
572.882
87.0877
6.9062
6.74715
432.531
6321.8
6.21125
575.518
9.41081
1380.5
19.7857
51.4124
428.52
71.934
476.234
479.81
227.33
354.403
55.8605
100.567
2280.15
61.4493
14.3712
462.174
668.493
97.3671
2124.44
393.337
474.833
99.1256
94.1955
70.718
146.175
2229.48
76.6861
88.4794
11309
2093.39
20.9495
9880.72
168.252
16921.3
369.759
3951.96
11.9272
360.787
2291.97
47.9478
40.2243
3.98328
110.005
131.133
20069.2
470.842
4118.85
298.522
7283.48
269.306
2006.53
89.7694
65.2735
179.012
31.7806
441.717
20.513
1588.48
175.617
568.528
199.497
38.6749
93.0897
13.7621
3111.53
7235.45
16.9406
124.932
12291.3
30.8588
11990.1
432.097
37.0481
1226.85
7658.28
150.274
27.83
17.5827
548.107
162.59
33760.9
432.403
109.204
10.4026
495.475
639.591
3821.07
9466.71
386.469
51.1491
1201.14
6.11971
124.731
7290.92
544.975
31.0057
808.073
54.6874
10.3713
448.586
5460.59
1785.73
27.4771
275.29
3361.14
208.613
725.861
33.0373
74.2888
619.447
47.3809
242.924
10072.4
9824.51
493.561
17319.4
34.4118
20.4659
77.9399
342.15
883.643
36.4903
541.574
67.1023
3963.87
46.1422
164.244
190.437
361.97
3372.12
11.1247
29.9451
147.444
556.285
398.668
2851.25
5307.89
394.857
209.729
26.2848
3536.61
1347.63
222.581
528.6
150.638
19.5007
6575.35
883.483
391.133
3405.39
233.701
1526.86
2943.45
16.4638
101.817
90.8929
727.929
3353.6
85.6694
168.79
26.9414
541.344
55.0077
9036.69
32.1149
877.068
79.619
11205.9
9112.87
2165.09
253.694
117.199
391.364
14.8561
25.1844
3.07651
862.029
102.151
37.2109
196.947
813.358
52.7462
30.2438
418.931
41.5114
9.20174
467.865
194.785
136.343
240.935
93.8562
6583.45
111.113
7417.41
185.074
15538.8
7478.4
24.5305
31.0715
3633.89
1626.19
323.544
316.354
148.789
251.893
552.302
118.422
2419.59
99.5185
3.04189
7370.53
265.817
2092.47
90.1635
130.285
16.2116
72.7348
1700.38
148.488
6304.71
48.0384
1650.04
407.381
24.0594
27.2852
149.859
394.207
7945.88
427.066
47.5486
127.974
1910.43
162.307
131.766
80.5911
609.888
378.21
48.4395
373.694
3471.02
284.466
15441.3
4337.48
296.796
130.665
43.2623
18142.7
10.9126
3086.96
844.386
824.985
178.218
495.835
9.67186
92.5672
540.181
761.557
41.2093
450.345
22.0479
32.7287
495.632
57.3656
169.903
326.302
21.2015
328.356
1500.25
4084.11
2019.2
15.8727
3897.95
454.252
32.5673
1733.62
2428.61
44.3662
9136.77
55.8624
326.743
85.9113
4884.97
5.30318
58.1597
486.839
10501.3
8638.52
37.8825
407.022
198.988
1867.41
8.57296
89.4786
2069.04
1175.48
2224.94
1112.46
16546.8
250.772
20.3259
5817.76
2242.13
13.7022
68.4104
31.5228
24.8811
1653.73
41.9088
4347.75
1450.78
5574.37
7617.73
266.713
37.5455
50.6853
3.90518
985.579
10.05
279.33
2847.01
491.065
3057.59
22.518
37.5258
303.868
119.52
0.924798
7.28606
138.335
265.29
32.4398
107.962
681.044
955.978
5762.01
15.715
479.146
396.222
4579.08
497.195
415.718
252.72
893.101
418.063
45.8467
17.0841
7872.61
14.1845
130.767
605.188
1892.89
30.2915
298.373
1319.74
71.1611
119.668
454.533
47.5497
52.5306
63.0715
550.672
17.1398
7689.22
145.848
107.141
1795.95
2005.88
54.8615
305.965
203.764
313.239
1431.21
4318.55
30.2087
104.281
183.692
96.9555
19.5853
6370.91
880.471
84.2552
4410.91
992.719
347.812
53.1739
4537.53
402.144
70.855
3719.19
36.1479
33.7533
8792.63
443.85
14482.9
3179.07
446.3
1204.63
37.9475
381.114
123.36
485.172
5429.25
400.191
1396.72
276.861
7747.16
674.292
17358.5
283.9
3161.66
92.8372
138.969
352.873
314.625
38.947
3.82921
104.291
49.8792
1691.27
110.277
12474.5
1943.55
234.482
2849.03
20715.6
17.103
68.1207
54.7303
44.1974
180.76
202.426
443.199
26.5843
1681.94
377.799
297.29
4175.84
30.4366
37.6699
91.8531
780.565
101.977
397.347
26.4358
633.372
3704.83
409.348
4834.19
35.1325
313.377
4524.17
135.919
7638.36
2395.37
4142.38
2961.16
31.926
70.2097
61.4894
12875.5
4187.13
134.42
3862.57
2231.01
2036.67
180.07
4064.51
2681.89
519.714
26.1256
20.0165
780.623
337.788
459.279
3162.13
324.306
200.253
19.4185
103.103
5094.64
868.433
6691.71
791.507
21492.5
569.931
2788.33
25.6803
1968.91
458.018
297.247
558.018
286.589
1830.84
533.11
1634.87
449.412
3138.92
548.021
234.882
316.586
6324.74
4413.05
248.823
25.1052
164.75
7569.59
5274.49
381.344
50.4655
439.431
18.4404
108.39
1689.77
1686.49
462.152
2290.5
68.8581
489.703
25723.7
263.479
5808.5
25.2637
96.7771
37.9933
5926.21
10.2489
5515.6
2030.68
228.58
277.301
4336.84
77.5983
161.02
1.1478
69.4603
5789.36
817.089
2415.93
22.8538
13.6541
1298.9
552.535
46.17
124.816
1685.79
91.3488
7973.17
59.2402
334.032
129.836
740.571
71.6782
45.1982
150.774
9.31511
233.457
320.588
13723.6
190.302
3308
44.8522
68.209
474.869
1024.56
2114.23
625.63
298.993
218.462
98.1333
1426.34
84.7119
204.869
9045.99
63.8531
7158.77
230.956
152.4
188.95
148.249
528.217
68.4362
810.685
336.278
185.958
195.001
147.341
11.6744
20.7407
0.630752
555.739
628.78
499.212
31.1643
1317.93
316.333
94.6766
143.286
594.151
9335.43
187.622
647.275
573.024
4743.65
1728.51
192.778
25.5884
3892.43
11055.2
2975.34
533.92
235.049
1193.1
36.7123
268.438
31.5023
31.1744
1440.07
33.9651
59.5884
357.791
3528.96
2883.96
568.693
1954.68
54.3084
4733.54
272.856
2040.83
36.1244
119.595
1971.24
184.5
82.6699
19.4822
18.0091
14005.4
1177.38
4771.23
8727.43
304.051
380.469
1727.16
308.272
3980.75
2173.53
1267.08
1.50375
3568.55
814.91
23.2584
1794.35
5.41518
8205.8
98.4524
5031.63
205.471
66.8877
899.104
15.4502
217.792
4434.49
508.969
7254.9
4371.12
20.6109
442.488
416.865
18.893
37.6298
575.476
2024.32
13.8209
3209.17
82.8427
477.718
397.317
1046.41
63.607
11.273
264.677
84.381
500.586
1694.9
522.823
33.9543
280.667
57.1883
11656.8
33.3234
181.327
672.678
199.968
16.5271
98.0717
397.381
10875.8
300.075
2050.45
30.1491
317.202
6.2214
441.001
455.774
15.0359
172.493
331.449
51.3178
338.519
1624.76
153.116
171.79
2104.38
102.266
79.3687
37.5371
33.9893
5210.78
245.815
156.856
95.6851
620.18
252.876
368.529
51.0848
4479.28
379.66
138.865
1937.24
3506.92
726.9
5381.78
7980.81
14042.7
69.0624
3877.66
1981.09
4.61154
105.52
165.623
108.398
103.61
7484.85
3630.41
1593.47
18.0005
367.039
3449.63
77.5894
1408.33
23.5829
550.027
402.366
120.142
157.119
471.771
1234.36
1281.18
757.431
23.0819
2459.39
2299.64
9522.69
234.505
13.804
502.023
144.339
530.754
17.1074
90.7851
6012.96
273.726
12.6885
140.17
93.932
113.437
7249.78
260.549
65.0306
779.677
108.371
140.89
117.954
13757.6
449.536
1801.5
498.669
407.51
2.57706
22.9176
319.2
21.8799
27.7052
19.5207
3447.14
39.1256
394.392
1422.21
8157.52
453.327
127.829
109.897
405.374
530.66
127.804
25.1381
2915.64
2417.42
30.3249
29.3279
76.7342
285.59
521.393
67.2449
707.908
174.383
2267.45
90.4129
97.3771
748.293
2277
348.791
227.078
3646.91
27.8015
200.482
3922.23
173.376
240.975
580.603
108.231
3662.21
439.313
22088.4
158.036
134.462
18365
38.1414
3035.58
18.3927
1019.47
20.4852
304.581
934.77
567.21
734.057
563.076
4558.95
165.479
6226.48
16090.3
22.9842
1585.75
2860.41
321.802
7.7517
89.1731
478.359
1634.58
2986.75
275.967
4237.78
246.208
12696.5
88.855
906.709
49.6964
231.892
0.884338
41.7665
10117.2
186.993
6257.14
3550.26
379.744
206.806
491.282
1527.93
1376.08
5860.58
9840.7
150.966
3800.17
484.511
57.419
403.211
87.9037
18.7775
398.394
49.2871
117.416
9368.04
316.15
62.6204
118.695
476.699
22.9901
8564.84
604.374
205.017
50.7814
1474.51
256.109
599.203
37.689
61.2992
5087.8
237.808
4404.62
50.4025
30.0153
12462.9
878.334
4002.95
776.572
1748.4
127.521
1057.4
286.341
350.546
98.8586
2794.31
460.86
351.403
36.3601
2276.37
356.418
61.3863
610.157
8.80167
107.94
3144.64
440.498
4454.01
197.598
1359.05
1286.32
192.961
26.4792
313.935
218.358
33.7829
121.759
7072.02
395.9
55.7365
526.919
444.756
112.236
1703.79
405.602
298.092
54.8857
488.177
55.7064
9804.57
37.7235
84.6522
82.0212
17.2486
6727.41
109.751
206.489
31.5127
428.242
50.5544
198.299
18.8662
32.5066
194.265
181.699
4438.61
83.5126
7.62947
70.1944
2098.96
63.0503
36.4187
2051.29
80.7737
596.767
16652.2
28.2971
25.4965
22.9967
1526.9
3496.42
199.034
252.753
112.45
43.4062
477.514
31.5643
7170.5
628.795
5302.11
474.388
174.793
35.7157
6668.38
119.029
183.596
22.8283
12.3803
74.5626
116.177
1695.01
290.363
146.637
309.864
1259.37
251.82
352.157
86.111
49.9723
2439.92
61.4712
122.523
140.372
181.975
235.982
21.4527
708.458
274.674
585.255
2034.77
5988.39
18.8337
277.788
58.883
24.9214
124.567
1975.26
171.001
429.356
39.1945
835.484
90.3609
22.9971
137.445
4435.24
282.089
105.766
3924.27
103.792
84.5933
685.231
30.3529
768.158
57.2531
79.9525
304.673
217.681
307.361
2116.22
1636.01
55.961
420.498
81.7783
131.863
5356.12
327.032
16.6779
41.181
24.6534
112.316
29.4955
83.6293
2689.63
531.33
593.283
1622.04
17807.1
6544.76
2162.39
392.659
205.18
12.8383
38.7464
737.877
145.534
45.6581
8244.47
33.1336
193.101
134.751
3.48317
89.6496
15.9475
6938.41
114.065
6014.2
38.6408
4588.29
94.5772
301.035
5462.81
37.6835
42.4433
2098.43
68.5119
132.708
475.026
54.6578
258.724
3350.3
1068.52
153.694
46.9345
224.636
5039.64
5222.21
522.034
520.115
372.238
66.2208
10058.8
1584.11
17.3742
52.6233
15.556
4317.18
220.147
2.20707
237.213
50.8034
233.578
541.904
2769.9
335.882
196.699
44.5545
3950.33
1321
347.68
101.721
26.8067
591.377
6595.77
28.1805
95.0152
48.5427
63.8517
390.448
27.724
169.977
1056.3
198.242
402.3
157.062
273.484
72.6157
231.117
435.716
153.011
163.376
445.382
32.5708
33.4366
706.955
35.5933
307.758
10093
9.6022
232.885
29.7666
35.8109
437.532
489.508
5830.65
9.54991
313.856
76.6265
13952.5
118.65
85.6372
197.687
146.284
98.0041
94.383
11425.9
1199.79
341.81
531.194
1349.52
3114.08
21.1825
3321.11
26148.1
1011.72
296.8
154.161
10913.9
1068.66
76.6813
363.95
209.734
183.896
331.775
17.7434
229.806
432.874
159.476
483.432
517.222
803.648
39.7307
12.3397
5863.31
177.721
414.086
15.5078
502.843
33.5914
173.37
63.8009
2603.57
22.0139
97.0628
515.91
136.369
44.5012
506.262
76.629
34.7319
3958.51
713.617
17.0857
59.6062
1760.08
70.4176
218.219
547.36
43.681
5379.18
8309.28
226.47
3.22585
20.4809
199.145
1132.54
23.2771
148.337
74.783
466.628
160.467
620.981
289.591
5324.11
6943.07
56.7771
20.015
4020.26
4950.08
134.72
397.239
231.656
985.524
15785
4872.73
8.47376
15036.8
100.852
270.127
490.469
313.049
3218.16
141.309
3495.88
